L_SFE 1 16 20 0 0 30 0 0 0 0 255 0 18000 -28000 32767 -32767 0 -1 -1 -1 -1 -1 -1 -1 -1 -1 251 251 -7181 0 5904 0 255 -1511349285 7181 0 -5904 1534 130 0 0 0 0 0 7181 -10214 21 0 244 255

L_SAA 2 15 30 0 0 20 0 0 0 0 255 0 25000 -8000 32767 -32767 0 -1 -1 -1 -1 -1 -1 -1 -1 -1 251 251 12859 0 -3281 0 255 -1511349285 -12859 2 3281 2577 1250 0 0 0 0 0 -12859 -9757 21 0 244 255

L_HR 3 17 30 0 0 40 0 0 0 0 255 0 20000 -9000 32767 -32767 0 -1 -1 -1 -1 -1 -1 -1 -1 -1 251 251 -3760 0 -2340 0 255 -1511373287 3760 0 2340 1643 -807 0 0 0 0 0 3760 -9951 21 0 244 255

L_EB 4 18 20 0 0 50 0 0 0 0 255 0 12000 -22000 32767 -32767 0 -1 -1 -1 -1 -1 -1 -1 -1 -1 249 251 9950 0 2019 0 255 -1511373287 -9950 0 -2019 2656 1171 0 0 0 0 0 -9950 -10196 21 0 244 255

L_WR 5 19 10 0 0 20 0 0 0 0 255 0 5000 -21000 32767 -32767 0 -1 -1 -1 -1 -1 -1 -1 -1 -1 251 251 -13279 0 2838 0 255 -1511373287 13279 0 -2838 817 -297 0 0 0 0 0 13279 -10372 21 0 244 255

L_WFE 6 20 15 0 0 5 0 0 0 0 255 0 25000 3000 32767 -32767 0 -1 -1 -1 -1 -1 -1 -1 -1 -1 255 251 -11236 0 -14418 0 255 -1511361286 14236 0 14418 2215 940 3000 0 0 0 0 14236 -11518 21 0 244 255

L_WAA 7 21 10 0 0 5 0 0 0 0 255 0 1500 -18000 32767 -32767 0 -1 -1 -1 -1 -1 -1 -1 -1 -1 255 251 -16976 0 6372 0 255 -1511385288 16976 1 -6372 2008 539 0 0 0 0 0 16976 -9534 21 0 244 255

R_SFE 8 9 20 0 0 10 0 0 0 0 255 0 16000 -20000 32767 -32767 0 -1 -1 -1 -1 -1 -1 -1 -1 -1 253 251 3607 0 9034 0 255 -1511397289 -3607 0 -9034 575 -634 0 0 0 0 0 -3607 -10952 21 0 244 255

R_SAA 9 8 30 0 0 20 0 0 0 0 255 0 10000 -20000 32767 -32767 0 -1 -1 -1 -1 -1 -1 -1 -1 -1 253 251 -20775 0 11532 0 255 -1511385288 20775 -1 -11532 2154 1534 0 0 0 0 0 20775 -11317 21 0 244 255

R_HR 10 10 30 0 0 40 0 0 0 0 255 0 4500 -22000 32767 -32767 0 -1 -1 -1 -1 -1 -1 -1 -1 -1 255 251 21001 0 2836 0 255 -1511445293 -21001 6 -2836 -193 -2904 0 0 0 0 0 -21001 -11160 21 0 244 255

R_EB 11 11 20 0 0 40 0 0 0 0 255 0 20000 -17000 32767 -32767 0 -1 -1 -1 -1 -1 -1 -1 -1 -1 251 251 -7123 0 -1097 0 255 -1511217274 7123 0 1097 339 -728 0 0 0 0 0 7123 -11247 85 85 245 255

R_WR 12 12 20 0 0 30 0 0 0 0 255 0 20000 500 32767 -32767 0 -1 -1 -1 -1 -1 -1 -1 -1 -1 251 251 4276 0 -11944 0 255 -1511349285 -3776 0 11944 604 -1066 500 0 0 0 0 -3776 -11129 21 0 244 255

R_WFE 13 13 10 0 0 10 0 0 0 0 255 0 30000 6000 32767 -32767 0 -1 -1 -1 -1 -1 -1 -1 -1 -1 251 251 -19771 0 -8089 0 255 -1511361286 25771 1 8089 1336 -1089 6000 0 0 0 0 25771 -10153 21 0 244 255

R_WAA 14 14 15 0 0 10 0 0 0 0 255 0 16000 -5000 32767 -32767 0 -1 -1 -1 -1 -1 -1 -1 -1 -1 251 251 -19391 0 -38 0 255 -1511301281 19391 -3 38 1402 -1138 0 0 0 0 0 19391 -10596 21 0 244 255

L_HFE 15 23 50 0 0 20 0 0 0 0 255 0 18000 -20000 32767 -32767 0 -1 -1 -1 -1 -1 -1 -1 -1 -1 255 251 19052 0 -18623 0 255 -1511361286 -19052 1 18623 -288 -2266 0 0 0 0 0 -19052 -10303 85 85 245 255

L_HAA 16 22 40 0 0 20 0 0 0 0 255 0 8500 -4000 32767 -32767 0 -1 -1 -1 -1 -1 -1 -1 -1 -1 251 251 5255 0 1 0 255 -1511421291 -5255 0 -1 3156 821 0 0 0 0 0 -5255 -9312 21 0 244 255

L_HFR 17 24 20 0 0 20 0 0 0 0 255 0 18000 1500 32767 -32767 0 -1 -1 -1 -1 -1 -1 -1 -1 -1 249 251 -7560 0 -2708 0 255 -1511361286 9060 0 2708 2048 -803 1500 0 0 0 0 9060 -10879 21 0 244 255

L_KFE 18 25 40 0 0 20 0 0 0 0 255 0 12000 -25000 32767 -32767 0 -1 -1 -1 -1 16777215 -256 -1 -1 -1 253 251 -12267 0 4160 0 255 -1511469295 12267 0 -4160 3637 1592 0 0 0 0 0 12267 -9117 21 0 244 255

L_AR 19 26 40 0 0 20 0 0 0 0 255 0 6000 -1000 32767 -32767 0 -1 -1 -1 -1 -1 -1 -1 -1 -1 253 251 -12837 0 6559 0 255 -1511457294 12837 1 -6559 1529 1494 0 0 0 0 0 12837 -10459 5 0 240 255

L_AFE 20 28 60 0 0 300 0 0 0 0 255 0 13000 -6500 32767 -32767 0 -1 -1 -1 -1 -1 -1 -1 -1 -1 255 251 -13889 0 -228 0 255 -1511421291 13889 2 228 4079 3523 0 0 0 0 0 13889 -10830 21 0 240 255

L_AAA 21 27 60 0 0 300 0 0 0 0 255 0 9000 500 32767 -32767 0 -1 -1 -1 -1 -1 -1 -1 -1 -1 253 251 3260 0 -342 0 255 -1511373287 -2760 0 342 2076 -363 500 0 0 0 0 -2760 -11510 21 0 244 255

R_HFE 22 30 20 0 0 20 0 0 0 0 255 0 13500 -30000 32767 -32767 0 -1 -1 -1 -1 -1 -1 -1 -1 -1 249 251 -4005 0 30 0 255 -1511313282 4005 0 -30 1767 -311 0 0 0 0 0 4005 -10597 21 0 240 255

R_HAA 23 29 60 0 0 50 0 0 0 0 255 0 -2000 -16000 32767 -32767 0 -1 -1 -1 -1 -1 -1 -1 -1 -1 251 251 4805 0 125 0 255 -1511361286 -6805 0 -125 3191 1150 -2000 0 0 0 0 -6805 -11420 17 0 240 255

R_HFR 24 31 10 0 0 20 0 0 0 0 255 0 -8000 -23500 32767 -32767 0 -1 -1 -1 -1 -1 -1 -1 -1 -1 255 251 6625 0 675 0 255 -1511325283 -14625 0 -675 1475 -311 -8000 0 0 0 0 -14625 -9401 21 0 240 255

R_KFE 25 32 40 0 0 20 0 0 0 0 255 0 21222 -15000 32767 -32767 0 -1 -1 -1 -1 -1 -1 -1 -1 -1 251 251 15792 0 -1849 0 255 -1511289280 -15792 0 1849 2798 2323 0 0 0 0 0 -15792 -8779 21 0 240 255

R_AR 26 33 40 0 0 50 0 0 0 0 255 0 8974 -330 32767 -32767 0 -1 -1 -1 -1 -1 -1 -1 -1 -1 249 251 -927 0 -764 0 255 -1511373287 927 1 764 1917 -295 0 0 0 0 0 927 -5982 21 0 240 255

R_AFE 27 35 60 0 0 200 0 0 0 0 255 0 6000 -17500 32767 -32767 0 -1 -1 -1 -1 -1 -1 -1 -1 -1 249 251 -140 0 1739 0 255 -1511301281 140 3 -1739 2590 1325 0 0 0 0 0 140 -8946 21 0 240 255

R_AAA 28 34 60 0 0 300 0 0 0 0 255 0 -2500 -10000 32767 -32767 -11159 -1 -1 -1 -1 -1 -1 -1 -1 -1 251 251 -5231 0 2457 0 255 -1511313282 2731 0 -2457 3144 1653 -2500 0 0 0 0 2731 -11232 21 0 240 255

B_TR 29 38 40 0 0 60 0 0 0 0 255 0 8000 -7000 32767 -32767 0 -1 -1 -1 -1 -1 -1 -1 -1 -1 255 251 5581 0 2047 0 255 -1511385288 -5581 1 -2047 886 -1351 0 0 0 0 0 -5581 -10427 21 0 244 255

B_TAA 30 37 60 0 0 50 0 0 0 0 255 0 3000 -1000 32767 -32767 0 -1 -1 -1 -1 -1 -1 -1 -1 -1 249 251 -1219 0 869 0 255 -1511325283 1219 0 -869 -188 -116 0 0 0 0 0 1219 -9909 21 0 240 255

B_TFE 31 36 40 0 0 25 0 0 0 0 255 0 -8000 -18000 32767 -32767 0 -1 -1 -1 -1 -1 -1 -1 -1 -1 249 251 -361 0 2793 0 255 -1511397289 -7639 0 -2793 1356 216 -8000 0 0 0 0 -7639 -10411 17 0 244 255

B_HN 32 7 10 0 0 5 0 0 0 0 255 0 28500 -1500 32767 -32767 0 -1 -1 -1 -1 -1 -1 -1 -1 -1 251 251 -29305 0 5847 0 255 -1511457294 29305 0 -5847 139 -1031 0 0 0 0 0 29305 -11020 21 0 244 255

B_HT 33 6 10 0 0 5 0 0 0 0 255 0 8500 -25000 32767 -32767 0 -1 -1 -1 -1 -1 -1 -1 -1 -1 251 251 -29254 0 4604 0 255 -1511433292 29254 -1 -4604 1356 -1053 0 0 0 0 0 29254 -10986 21 0 244 255

B_HR 34 5 15 0 0 10 0 0 0 0 255 0 18000 -6000 32767 -32767 0 -1 -1 -1 -1 -1 -1 -1 -1 -1 253 251 12423 0 -6079 0 255 -1511397289 -12423 0 6079 1079 -490 0 0 0 0 0 -12423 -11217 21 0 244 255

R_EP 35 1 800 0 0 0 0 0 0 0 255 0 11000 -12000 10000 -10000 0 -1 -1 -1 -1 -1 -1 -1 -1 -1 240 251 -776 0 32732 0 255 -1511395730 776 -3 -32732 2299 -2425 0 0 0 0 0 776 2107 21 0 244 255

R_ET 36 2 800 0 0 0 0 0 0 0 255 0 11000 -12500 10000 -10000 0 -1 -1 -1 -1 -1 -1 -1 -1 -1 244 251 420 0 -32767 0 255 -1511433292 -420 0 32767 1271 -1312 0 0 0 0 0 -420 1440 21 0 244 255

L_EP 37 3 800 0 0 0 0 0 0 0 255 0 17000 -6000 10000 -10000 0 -1 -1 -1 -1 -1 -1 -1 -1 -1 240 251 145 0 -32767 0 255 -1511385288 -145 0 32767 2858 453 0 0 0 0 0 -145 -322 21 0 244 255

L_ET 38 4 800 0 0 0 0 0 0 0 255 0 4000 -19000 10000 -10000 0 -1 -1 -1 -1 -1 -1 -1 -1 -1 244 251 208 0 -32767 0 255 -1511445293 -208 1 32767 1213 -650 0 0 0 0 0 -208 506 21 0 244 255

