L_SFE 1 16 20 0 0 30 0 0 0 0 255 0 18000 -28000 32767 -32767 0 -1 -1 -1 -1 -1 -1 -1 -1 -1 251 251 -7113 0 6025 0 255 1124411991 7113 2 -6025 1902 150 0 0 0 0 0 7113 -22045 21 0 244 255

L_SAA 2 15 30 0 0 20 0 0 0 0 255 0 25000 -8000 32767 -32767 0 -1 -1 -1 -1 -1 -1 -1 -1 -1 251 251 12835 0 -3185 0 255 1124387989 -12835 1 3185 2825 1255 0 0 0 0 0 -12835 -27803 21 0 244 255

L_HR 3 17 30 0 0 40 0 0 0 0 255 0 20000 -9000 32767 -32767 0 -1 -1 -1 -1 -1 -1 -1 -1 -1 251 251 -863 0 -2316 0 255 1124387989 863 0 2316 2110 -464 0 0 0 0 0 863 -21201 21 0 244 255

L_EB 4 18 20 0 0 50 0 0 0 0 255 0 12000 -22000 32767 -32767 0 -1 -1 -1 -1 -1 -1 -1 -1 -1 249 251 11930 0 2020 0 255 1124351986 -11930 0 -2020 2981 1326 0 0 0 0 0 -11930 -13473 21 0 244 255

L_WR 5 19 10 0 0 20 0 0 0 0 255 0 5000 -21000 32767 -32767 0 -1 -1 -1 -1 -1 -1 -1 -1 -1 251 251 -4244 0 2844 0 255 1124387989 4244 0 -2844 1249 56 0 0 0 0 0 4244 -14165 21 0 244 255

L_WFE 6 20 15 0 0 5 0 0 0 0 255 0 25000 3000 32767 -32767 0 -1 -1 -1 -1 -1 -1 -1 -1 -1 255 251 -8580 0 -13981 0 255 1124375988 11580 2 13981 2272 776 3000 0 0 0 0 11580 -20442 21 0 244 255

L_WAA 7 21 10 0 0 5 0 0 0 0 255 0 1500 -18000 32767 -32767 0 -1 -1 -1 -1 -1 -1 -1 -1 -1 255 251 -8620 0 6558 0 255 1124339985 8620 -3 -6558 1955 209 0 0 0 0 0 8620 -15604 21 0 244 255

R_SFE 8 9 20 0 0 10 0 0 0 0 255 0 16000 -20000 32767 -32767 0 -1 -1 -1 -1 -1 -1 -1 -1 -1 253 251 5361 0 9968 0 255 1124387989 -5361 0 -9968 768 -808 0 0 0 0 0 -5361 -31890 21 0 244 255

R_SAA 9 8 30 0 0 20 0 0 0 0 255 0 10000 -20000 32767 -32767 0 -1 -1 -1 -1 -1 -1 -1 -1 -1 253 251 -20836 0 11742 0 255 1124375988 20836 0 -11742 2513 1525 0 0 0 0 0 20836 -31665 21 0 244 255

R_HR 10 10 30 0 0 40 0 0 0 0 255 0 4500 -22000 32767 -32767 0 -1 -1 -1 -1 -1 -1 -1 -1 -1 255 251 11032 0 2784 0 255 1124363987 -11032 0 -2784 809 -1727 0 0 0 0 0 -11032 -24114 21 0 244 255

R_EB 11 11 20 0 0 40 0 0 0 0 255 0 20000 -17000 32767 -32767 0 -1 -1 -1 -1 -1 -1 -1 -1 -1 251 251 -8192 0 -1050 0 255 1124532001 8192 0 1050 592 -805 0 0 0 0 0 8192 -22122 85 85 245 255

R_WR 12 12 20 0 0 30 0 0 0 0 255 0 20000 500 32767 -32767 0 -1 -1 -1 -1 -1 -1 -1 -1 -1 251 251 -10662 0 -12005 0 255 1124411991 11162 -2 12005 168 -2240 500 0 0 0 0 11162 -28310 21 0 244 255

R_WFE 13 13 10 0 0 10 0 0 0 0 255 0 30000 6000 32767 -32767 0 -1 -1 -1 -1 -1 -1 -1 -1 -1 251 251 -6608 0 -6999 0 255 1124411991 12608 -2 6999 1905 -532 6000 0 0 0 0 12608 -22573 21 0 244 255

R_WAA 14 14 15 0 0 10 0 0 0 0 255 0 16000 -5000 32767 -32767 0 -1 -1 -1 -1 -1 -1 -1 -1 -1 251 251 -1640 0 1297 0 255 1124411991 1640 0 -1297 2550 -46 0 0 0 0 0 1640 -21664 21 0 244 255

L_HFE 15 23 50 0 0 20 0 0 0 0 255 0 18000 -20000 32767 -32767 0 -1 -1 -1 -1 -1 -1 -1 -1 -1 255 251 23056 0 -18660 0 255 1124339985 -23056 0 18660 -608 -3045 0 0 0 0 0 -23056 -12936 85 85 245 255

L_HAA 16 22 40 0 0 20 0 0 0 0 255 0 8500 -4000 32767 -32767 0 -1 -1 -1 -1 -1 -1 -1 -1 -1 251 251 4900 0 16 0 255 1124327984 -4900 3 -16 3301 766 0 0 0 0 0 -4900 -12460 21 0 244 255

L_HFR 17 24 20 0 0 20 0 0 0 0 255 0 18000 1500 32767 -32767 0 -1 -1 -1 -1 -1 -1 -1 -1 -1 249 251 -21 0 -2767 0 255 1124315983 1521 0 2767 2584 -218 1500 0 0 0 0 1521 -12385 21 0 244 255

L_KFE 18 25 40 0 0 20 0 0 0 0 255 0 12000 -25000 32767 -32767 0 -1 -1 -1 -1 16777215 -256 -1 -1 -1 253 251 -12075 0 4119 0 255 1124339985 12075 -1 -4119 3833 1565 0 0 0 0 0 12075 -15871 21 0 244 255

L_AR 19 26 40 0 0 20 0 0 0 0 255 0 6000 -1000 32767 -32767 0 -1 -1 -1 -1 -1 -1 -1 -1 -1 253 251 -7044 0 6287 0 255 1124327984 7044 0 -6287 1150 610 0 0 0 0 0 7044 -15396 5 0 240 255

L_AFE 20 28 60 0 0 300 0 0 0 0 255 0 13000 -6500 32767 -32767 0 -1 -1 -1 -1 -1 -1 -1 -1 -1 255 251 -13773 0 -139 0 255 1124351986 13773 0 139 4119 3391 0 0 0 0 0 13773 -13632 21 0 240 255

L_AAA 21 27 60 0 0 300 0 0 0 0 255 0 9000 500 32767 -32767 0 -1 -1 -1 -1 -1 -1 -1 -1 -1 253 251 3180 0 -574 0 255 1124375988 -2680 0 574 2530 -72 500 0 0 0 0 -2680 -20335 21 0 244 255

R_HFE 22 30 20 0 0 20 0 0 0 0 255 0 13500 -30000 32767 -32767 0 -1 -1 -1 -1 -1 -1 -1 -1 -1 249 251 -6406 0 243 0 255 1124387989 6406 -2 -243 1933 -482 0 0 0 0 0 6406 -17426 21 0 240 255

R_HAA 23 29 60 0 0 50 0 0 0 0 255 0 -2000 -16000 32767 -32767 0 -1 -1 -1 -1 -1 -1 -1 -1 -1 251 251 5906 0 142 0 255 1124375988 -7906 0 -142 3683 1411 -2000 0 0 0 0 -7906 -19940 17 0 240 255

R_HFR 24 31 10 0 0 20 0 0 0 0 255 0 -8000 -23500 32767 -32767 0 -1 -1 -1 -1 -1 -1 -1 -1 -1 255 251 7221 0 647 0 255 1124387989 -15221 3 -647 1705 -332 -8000 0 0 0 0 -15221 -14099 21 0 240 255

R_KFE 25 32 40 0 0 20 0 0 0 0 255 0 21222 -15000 32767 -32767 0 -1 -1 -1 -1 -1 -1 -1 -1 -1 251 251 13727 0 -2015 0 255 1124399990 -13727 1 2015 2711 1987 0 0 0 0 0 -13727 -12324 21 0 240 255

R_AR 26 33 40 0 0 50 0 0 0 0 255 0 8974 -330 32767 -32767 0 -1 -1 -1 -1 -1 -1 -1 -1 -1 249 251 -6178 0 -922 0 255 1124387989 6178 0 922 1597 -1146 0 0 0 0 0 6178 -14934 21 0 240 255

R_AFE 27 35 60 0 0 200 0 0 0 0 255 0 6000 -17500 32767 -32767 0 -1 -1 -1 -1 -1 -1 -1 -1 -1 249 251 -912 0 1804 0 255 1124387989 912 -1 -1804 2651 1195 0 0 0 0 0 912 -11534 21 0 240 255

R_AAA 28 34 60 0 0 300 0 0 0 0 255 0 -2500 -10000 32767 -32767 -11159 -1 -1 -1 -1 -1 -1 -1 -1 -1 251 251 -244 0 5324 0 255 1124399990 -2256 -4 -5324 6072 6181 -2500 0 0 0 0 -2256 -14095 21 0 240 255

B_TR 29 38 40 0 0 60 0 0 0 0 255 0 8000 -7000 32767 -32767 0 -1 -1 -1 -1 -1 -1 -1 -1 -1 255 251 -1201 0 2118 0 255 1124327984 1201 0 -2118 1673 -308 0 0 0 0 0 1201 -12375 21 0 244 255

B_TAA 30 37 60 0 0 50 0 0 0 0 255 0 3000 -1000 32767 -32767 0 -1 -1 -1 -1 -1 -1 -1 -1 -1 249 251 -349 0 757 0 255 1124351986 349 0 -757 51 66 0 0 0 0 0 349 -13716 21 0 240 255

B_TFE 31 36 40 0 0 25 0 0 0 0 255 0 -8000 -18000 32767 -32767 0 -1 -1 -1 -1 -1 -1 -1 -1 -1 249 251 -3037 0 2637 0 255 1124315983 -4963 0 -2637 1357 -218 -8000 0 0 0 0 -4963 -11826 17 0 244 255

B_HN 32 7 10 0 0 5 0 0 0 0 255 0 28500 -1500 32767 -32767 0 -1 -1 -1 -1 -1 -1 -1 -1 -1 251 251 -2368 0 5605 0 255 1124435993 2368 1 -5605 1140 16 0 0 0 0 0 2368 -31688 21 0 244 255

B_HT 33 6 10 0 0 5 0 0 0 0 255 0 8500 -25000 32767 -32767 0 -1 -1 -1 -1 -1 -1 -1 -1 -1 251 251 -22409 0 4136 0 255 1124387989 22409 0 -4136 2099 -795 0 0 0 0 0 22409 -31690 21 0 244 255

B_HR 34 5 15 0 0 10 0 0 0 0 255 0 18000 -6000 32767 -32767 0 -1 -1 -1 -1 -1 -1 -1 -1 -1 253 251 287 0 -6208 0 255 1124399990 -287 1 6208 1761 226 0 0 0 0 0 -287 -31897 21 0 244 255

R_EP 35 1 800 0 0 0 0 0 0 0 255 0 11000 -12000 10000 -10000 0 -1 -1 -1 -1 -1 -1 -1 -1 -1 240 251 -671 0 32729 0 255 1124377547 671 0 -32729 2621 -2097 0 0 0 0 0 671 1954 21 0 244 255

R_ET 36 2 800 0 0 0 0 0 0 0 255 0 11000 -12500 10000 -10000 0 -1 -1 -1 -1 -1 -1 -1 -1 -1 244 251 534 0 -32767 0 255 1124423992 -534 2 32767 1719 -1668 0 0 0 0 0 -534 1839 21 0 244 255

L_EP 37 3 800 0 0 0 0 0 0 0 255 0 17000 -6000 10000 -10000 0 -1 -1 -1 -1 -1 -1 -1 -1 -1 240 251 -125 0 32727 0 255 1124435993 125 0 -32727 3168 -391 0 0 0 0 0 125 255 21 0 244 255

L_ET 38 4 800 0 0 0 0 0 0 0 255 0 4000 -19000 10000 -10000 0 -1 -1 -1 -1 -1 -1 -1 -1 -1 244 251 501 0 -32767 0 255 1124375988 -501 0 32767 1590 -1565 0 0 0 0 0 -501 1343 21 0 244 255

