L_SFE 1 16 20 0 0 30 0 0 0 0 255 0 18000 -28000 32767 -32767 -8425 -1 -1 -1 -1 -1 -1 -1 -1 -1 251 251 451 0 -54 0 0 1290437348 -451 0 54 1834 28 0 0 0 0 0 -451 -31721 21 0 244 255

L_SAA 2 15 30 0 0 20 0 0 0 0 255 0 25000 -8000 32767 -32767 4400 -1 -1 -1 -1 -1 -1 -1 -1 -1 251 251 12839 0 4 0 0 1289681285 -12839 -7 -4 2947 1504 0 0 0 0 0 -12839 -31875 21 0 244 255

L_HR 3 17 30 0 0 40 0 0 0 0 255 0 20000 -9000 32767 -32767 1650 -1 -1 -1 -1 -1 -1 -1 -1 -1 251 251 -4145 0 29 0 0 1288829214 4145 0 -29 2112 -482 0 0 0 0 0 4145 -31936 21 0 244 255

L_EB 4 18 20 0 0 50 0 0 0 0 255 0 12000 -22000 32767 -32767 2875 -1 -1 -1 -1 -1 -1 -1 -1 -1 249 251 11228 0 -48 0 0 1289141240 -11228 0 48 2796 867 0 0 0 0 0 -11228 -31642 21 0 244 255

L_WR 5 19 10 0 0 20 0 0 0 0 255 0 5000 -21000 32767 -32767 -2000 -1 -1 -1 -1 -1 -1 -1 -1 -1 251 251 1884 0 19 0 0 1291121405 -1884 0 -19 1355 75 0 0 0 0 0 -1884 -31616 21 0 244 255

L_WFE 6 20 15 0 0 5 0 0 0 0 255 0 25000 3000 32767 -32767 11750 -1 -1 -1 -1 -1 -1 -1 -1 -1 255 251 -2466 0 -2818 0 0 1290941390 5466 0 2818 2086 200 3000 0 0 0 0 5466 -31931 21 0 244 255

L_WAA 7 21 10 0 0 5 0 0 0 0 255 0 1500 -18000 32767 -32767 -10000 -1 -1 -1 -1 -1 -1 -1 -1 -1 255 251 -9845 0 -562 0 0 1289849299 9845 1 562 2143 396 0 0 0 0 0 9845 -31767 21 0 244 255

R_SFE 8 9 20 0 0 10 0 0 0 0 255 0 16000 -20000 32767 -32767 13000 -1 -1 -1 -1 -1 -1 -1 -1 -1 253 251 -464 0 -25 0 0 1288925222 464 0 25 1103 38 0 0 0 0 0 464 -31693 21 0 244 255

R_SAA 9 8 30 0 0 20 0 0 0 0 255 0 10000 -20000 32767 -32767 16000 -1 -1 -1 -1 -1 -1 -1 -1 -1 253 251 -20764 0 110 0 0 1289417263 20764 0 -110 2858 2425 0 0 0 0 0 20764 -31591 21 0 244 255

R_HR 10 10 30 0 0 40 0 0 0 0 255 0 4500 -22000 32767 -32767 -1950 -1 -1 -1 -1 -1 -1 -1 -1 -1 255 251 12254 0 38 0 0 1288277168 -12254 1 -38 828 -1441 0 0 0 0 0 -12254 -31738 21 0 244 255

R_EB 11 11 20 0 0 40 0 0 0 0 255 0 20000 -17000 32767 -32767 1550 -1 -1 -1 -1 -1 -1 -1 -1 -1 251 251 -9117 0 56 0 0 1288793211 9117 0 -56 579 -704 0 0 0 0 0 9117 -31815 85 85 245 255

R_WR 12 12 20 0 0 30 0 0 0 0 255 0 20000 500 32767 -32767 8500 -1 -1 -1 -1 -1 -1 -1 -1 -1 251 251 -6365 0 210 0 0 1289405262 6865 0 -210 1182 -473 500 0 0 0 0 6865 -31820 21 0 244 255

R_WFE 13 13 10 0 0 10 0 0 0 0 255 0 30000 6000 32767 -32767 0 -1 -1 -1 -1 -1 -1 -1 -1 -1 251 251 -1908 0 -6331 0 0 1288781210 7908 2 6331 1932 -322 6000 0 0 0 0 7908 -31477 21 0 244 255

R_WAA 14 14 15 0 0 10 0 0 0 0 255 0 16000 -5000 32767 -32767 0 -1 -1 -1 -1 -1 -1 -1 -1 -1 251 251 -8705 0 919 0 0 1289153241 8705 2 -919 2200 -475 0 0 0 0 0 8705 -31870 21 0 244 255

L_HFE 15 23 50 0 0 20 0 0 -332 0 255 0 18000 -20000 32767 -32767 25700 -1 -1 -1 -1 -1 -1 -1 -1 -1 255 250 18838 0 -57 0 0 1289129239 -18838 0 57 1399 332 0 0 0 0 0 -18838 -30551 85 85 245 255

L_HAA 16 22 40 0 0 20 0 0 -190 0 255 0 8500 -4000 32767 -32767 100 -1 -1 -1 -1 -1 -1 -1 -1 -1 251 251 2664 0 6 0 0 1288553191 -2664 0 -6 3012 416 0 0 0 0 0 -2664 -27951 21 0 244 255

L_HFR 17 24 20 0 0 20 0 0 64 0 255 0 18000 1500 32767 -32767 -3800 -1 -1 -1 -1 -1 -1 -1 -1 -1 249 251 405 0 6 0 0 1289933306 1095 -1 -6 2684 32 1500 0 0 0 0 1095 -31253 21 0 244 255

L_KFE 18 25 40 0 0 20 0 0 485 0 255 0 12000 -25000 32767 -32767 5750 -1 -1 -1 -1 16777215 -256 -1 -1 -1 253 250 -10755 0 142 0 0 1288301170 10755 -3 -142 2530 -485 0 0 0 0 0 10755 -31273 21 0 244 255

L_AR 19 26 40 0 0 20 0 0 75 0 255 0 6000 -1000 32767 -32767 8900 -1 -1 -1 -1 -1 -1 -1 -1 -1 253 251 -8192 0 -365 0 0 1289237248 8192 1 365 1556 1309 0 0 0 0 0 8192 -31535 5 0 240 255

L_AFE 20 28 60 0 0 300 0 0 503 0 255 0 13000 -6500 32767 -32767 150 -1 -1 -1 -1 -1 -1 -1 -1 -1 255 251 -5487 0 56 0 0 1288985227 5487 0 -56 2757 1221 0 0 0 0 0 5487 -31452 21 0 240 255

L_AAA 21 27 60 0 0 300 0 0 208 0 255 0 9000 500 32767 -32767 -850 -1 -1 -1 -1 -1 -1 -1 -1 -1 253 251 -1628 0 35 0 0 1290149324 2128 -2 -35 2748 341 500 0 0 0 0 2128 -31875 21 0 244 255

R_HFE 22 30 20 0 0 20 0 0 194 0 255 0 13500 -30000 32767 -32767 200 -1 -1 -1 -1 -1 -1 -1 -1 -1 249 251 -3091 0 97 0 0 1290185327 3091 0 -97 2080 -234 0 0 0 0 0 3091 -31696 21 0 240 255

R_HAA 23 29 60 0 0 50 0 0 514 0 255 0 -2000 -16000 32767 -32767 -100 -1 -1 -1 -1 -1 -1 -1 -1 -1 251 251 5640 0 43 0 0 1289537273 -7640 0 -43 3604 1330 -2000 0 0 0 0 -7640 -31897 17 0 240 255

R_HFR 24 31 10 0 0 20 0 0 310 0 255 0 -8000 -23500 32767 -32767 -1000 -1 -1 -1 -1 -1 -1 -1 -1 -1 255 251 3011 0 -44 0 0 1289429264 -11011 0 44 1855 -114 -8000 0 0 0 0 -11011 -31546 21 0 240 255

R_KFE 25 32 40 0 0 20 0 0 -952 0 255 0 21222 -15000 32767 -32767 2600 -1 -1 -1 -1 -1 -1 -1 -1 -1 251 251 13903 0 -173 0 0 1290173326 -13903 0 173 2818 2158 0 0 0 0 0 -13903 -31282 21 0 240 255

R_AR 26 33 40 0 0 50 0 0 -194 0 255 0 8974 -330 32767 -32767 -1400 -1 -1 -1 -1 -1 -1 -1 -1 -1 249 251 -8964 0 -72 0 0 1289441265 8964 0 72 1521 -1415 0 0 0 0 0 8964 -31554 21 0 240 255

R_AFE 27 35 60 0 0 200 0 0 -509 0 255 0 6000 -17500 32767 -32767 2500 -1 -1 -1 -1 -1 -1 -1 -1 -1 249 251 1523 0 -24 0 0 1289837298 -1523 0 24 2212 338 0 0 0 0 0 -1523 -31485 21 0 240 255

R_AAA 28 34 100 0 0 300 0 0 -426 0 255 0 -2500 -10000 32767 -32767 -15000 -1 -1 -1 -1 -1 -1 -1 -1 -1 251 251 1039 0 164 0 0 1290173326 -3539 -3 -164 2641 598 -2500 0 0 0 0 -3539 -31927 21 0 240 255

B_TR 29 38 40 0 0 60 0 0 0 0 255 0 8000 -7000 32767 -32767 2000 -1 -1 -1 -1 -1 -1 -1 -1 -1 255 251 2980 0 3431 0 0 1289117238 -2980 -1 -3431 1048 -1269 0 0 0 0 0 -2980 -30235 21 0 244 255

B_TAA 30 37 60 0 0 50 0 0 0 0 255 0 3000 -1000 32767 -32767 0 -1 -1 -1 -1 -1 -1 -1 -1 -1 249 251 -3112 0 680 0 0 1289441265 3112 0 -680 -356 -597 0 0 0 0 0 3112 -31645 21 0 240 255

B_TFE 31 36 40 0 0 25 0 0 0 0 255 0 -8000 -18000 32767 -32767 0 -1 -1 -1 -1 -1 -1 -1 -1 -1 249 251 -5285 0 2845 0 0 1289237248 -2715 2 -2845 1056 -548 -8000 0 0 0 0 -2715 -27717 17 0 244 255

B_HN 32 7 10 0 0 5 0 0 0 0 255 0 28500 -1500 32767 -32767 0 -1 -1 -1 -1 -1 -1 -1 -1 -1 251 251 -29229 0 6258 0 0 1289645282 29229 0 -6258 293 -1020 0 0 0 0 0 29229 -31605 21 0 244 255

B_HT 33 6 10 0 0 5 0 0 0 0 255 0 8500 -25000 32767 -32767 0 -1 -1 -1 -1 -1 -1 -1 -1 -1 251 251 -29337 0 4722 0 0 1289645282 29337 0 -4722 1645 -1054 0 0 0 0 0 29337 -31573 21 0 244 255

B_HR 34 5 15 0 0 10 0 0 0 0 255 0 18000 -6000 32767 -32767 0 -1 -1 -1 -1 -1 -1 -1 -1 -1 253 251 13903 0 -6214 0 0 1289165242 -13903 0 6214 1149 -571 0 0 0 0 0 -13903 -31848 21 0 244 255

R_EP 35 1 800 0 0 0 0 0 0 0 255 0 11000 -12000 10000 -10000 0 -1 -1 -1 -1 -1 -1 -1 -1 -1 240 251 -816 0 32730 0 0 1292083044 816 -3 -32730 2619 -2550 0 0 0 0 0 816 2151 21 0 244 255

R_ET 36 2 800 0 0 0 0 0 0 0 255 0 11000 -12500 10000 -10000 0 -1 -1 -1 -1 -1 -1 -1 -1 -1 244 251 518 0 -32767 0 0 1291577443 -518 3 32767 1646 -1618 0 0 0 0 0 -518 1762 21 0 244 255

L_EP 37 3 800 0 0 0 0 0 0 0 255 0 17000 -6000 10000 -10000 0 -1 -1 -1 -1 -1 -1 -1 -1 -1 240 251 99 0 32729 0 0 1291913472 -99 -1 -32729 3011 309 0 0 0 0 0 -99 -146 21 0 244 255

L_ET 38 4 800 0 0 0 0 0 0 0 255 0 4000 -19000 10000 -10000 0 -1 -1 -1 -1 -1 -1 -1 -1 -1 244 251 308 0 -32767 0 0 1290185327 -308 0 32767 1505 -962 0 0 0 0 0 -308 763 21 0 244 255

