L_SFE 1 16 20 0 0 30 0 0 0 0 255 0 18000 -28000 32767 -32767 -8425 -1 -1 -1 -1 -1 -1 -1 -1 -1 251 251 388 0 -33 0 0 2026906947 3669 0 17 1832 28 4055 4055 0 -2008 0 3669 -31679 21 0 244 255

L_SAA 2 15 30 0 0 20 0 0 0 0 255 0 25000 -8000 32767 -32767 4400 -1 -1 -1 -1 -1 -1 -1 -1 -1 251 251 4849 0 -72 0 0 2025838858 -12852 0 0 2414 568 -8000 -12825 0 161 0 -12852 -31848 21 0 244 255

L_HR 3 17 30 0 0 40 0 0 0 0 255 0 20000 -9000 32767 -32767 1650 -1 -1 -1 -1 -1 -1 -1 -1 -1 251 251 3622 0 90 0 0 2024422740 264 0 -19 2677 427 3885 3885 0 0 0 264 -31910 21 0 244 255

L_EB 4 18 20 0 0 50 0 0 0 0 255 0 12000 -22000 32767 -32767 2875 -1 -1 -1 -1 -1 -1 -1 -1 -1 249 251 2306 0 -22 0 0 2024494746 -14767 -3 5 2353 179 -12460 -12460 0 -1890 0 -14767 -31559 21 0 244 255

L_WR 5 19 10 0 0 20 0 0 0 0 255 0 5000 -21000 32767 -32767 -2000 -1 -1 -1 -1 -1 -1 -1 -1 -1 251 251 -6 0 -12 0 0 2027038958 -783 2 1 1285 12 -466 -466 0 -1 0 -783 -31482 21 0 244 255

L_WFE 6 20 15 0 0 5 0 0 0 0 255 0 25000 3000 32767 -32767 11750 -1 -1 -1 -1 -1 -1 -1 -1 -1 255 251 -1436 0 -808 0 0 2026762935 8277 0 1154 1991 107 6844 6844 0 31336 0 8277 -31907 21 0 244 255

L_WAA 7 21 10 0 0 5 0 0 0 0 255 0 1500 -18000 32767 -32767 -10000 -1 -1 -1 -1 -1 -1 -1 -1 -1 255 251 -5920 0 -583 0 0 2025394821 7403 -1 677 2030 244 1500 7419 0 802 0 7403 -31675 21 0 244 255

R_SFE 8 9 20 0 0 10 0 0 0 0 255 0 16000 -20000 32767 -32767 13000 -1 -1 -1 -1 -1 -1 -1 -1 -1 253 251 -1151 0 264 0 0 2026222890 -2190 0 102 1301 94 -3341 -3341 0 -6174 0 -2190 -31893 21 0 244 255

R_SAA 9 8 30 0 0 20 0 0 0 0 255 0 10000 -20000 32767 -32767 16000 -1 -1 -1 -1 -1 -1 -1 -1 -1 253 251 -10785 0 741 0 0 2026546917 20782 0 -22 2319 1262 10000 20770 0 -79 0 20782 -31779 21 0 244 255

R_HR 10 10 30 0 0 40 0 0 0 0 255 0 4500 -22000 32767 -32767 -1950 -1 -1 -1 -1 -1 -1 -1 -1 -1 255 251 -1673 0 -44 0 0 2024134716 -11211 1 -27 2002 193 -12886 -12886 0 -4 0 -11211 -31904 21 0 244 255

R_EB 11 11 20 0 0 40 0 0 0 0 255 0 20000 -17000 32767 -32767 1550 -1 -1 -1 -1 -1 -1 -1 -1 -1 251 251 -2905 0 -41 0 0 2024710764 13275 0 9 945 -229 10370 10370 0 2413 0 13275 -31843 85 85 245 255

R_WR 12 12 20 0 0 30 0 0 0 0 255 0 20000 500 32767 -32767 8500 -1 -1 -1 -1 -1 -1 -1 -1 -1 251 251 3270 0 -145 0 0 2025958868 6458 1 -214 1706 280 9727 9727 0 10 0 6458 -31847 21 0 244 255

R_WFE 13 13 10 0 0 10 0 0 0 0 255 0 30000 6000 32767 -32767 0 -1 -1 -1 -1 -1 -1 -1 -1 -1 251 251 0 0 -6415 0 0 2025154801 14653 0 6928 2154 -472 9505 9505 0 13053 0 14653 -31569 21 0 244 255

R_WAA 14 14 15 0 0 10 0 0 0 0 255 0 16000 -5000 32767 -32767 0 -1 -1 -1 -1 -1 -1 -1 -1 -1 251 251 -1 0 764 0 0 2024974786 5265 0 -1166 2725 253 8820 8820 0 -24877 0 5265 -31877 21 0 244 255

L_HFE 15 23 50 0 0 20 0 0 10000 0 255 0 18000 -20000 32767 -32767 25000 -1 -1 -1 -1 -1 -1 -1 -1 -1 255 251 3 0 -488 0 0 2024698763 -19481 1 413 1149 -172 -18432 -18432 0 2438 0 -19481 -31105 85 85 245 255

L_HAA 16 22 40 0 0 20 0 0 5000 0 255 0 8500 -4000 32767 -32767 0 -1 -1 -1 -1 -1 -1 -1 -1 -1 251 251 5 0 -85 0 0 2023870694 -2929 0 74 2896 122 -2105 -2105 0 879 0 -2929 -30201 21 0 244 255

L_HFR 17 24 20 0 0 20 0 0 -3000 0 255 0 18000 1500 32767 -32767 -3000 -1 -1 -1 -1 -1 -1 -1 -1 -1 249 251 1130 0 -566 0 0 2026018873 1756 0 542 2636 -63 1500 369 0 679 0 1756 -31357 21 0 244 255

L_KFE 18 25 40 0 0 20 0 0 -10000 0 255 0 12000 -25000 32767 -32767 4500 -1 -1 -1 -1 16777215 -256 -1 -1 -1 253 251 -70 0 1082 0 0 2023426657 12411 0 -839 3091 399 9442 9442 0 7978 0 12411 -31013 21 0 244 255

L_AR 19 26 40 0 0 20 0 0 -3000 0 255 0 6000 -1000 32767 -32767 11000 -1 -1 -1 -1 -1 -1 -1 -1 -1 253 251 -2201 0 -1719 0 0 2024890779 9386 0 1548 1136 650 6000 8198 0 807 0 9386 -31514 5 0 240 255

L_AFE 20 28 60 0 0 300 0 0 -1110 0 255 0 13000 -6500 32767 -32767 0 -1 -1 -1 -1 -1 -1 -1 -1 -1 255 251 -44 0 -139 0 0 2024386737 3705 0 132 2165 164 3668 3668 0 24 0 3705 -31412 21 0 240 255

L_AAA 21 27 60 0 0 300 0 0 -15000 0 255 0 9000 500 32767 -32767 0 -1 -1 -1 -1 -1 -1 -1 -1 -1 253 251 1072 0 -548 0 0 2026270894 3510 1 612 3465 1423 500 -573 0 -2981 0 3510 -31866 21 0 244 255

R_HFE 22 30 20 0 0 20 0 0 -8550 0 255 0 13500 -30000 32767 -32767 0 -1 -1 -1 -1 -1 -1 -1 -1 -1 249 251 -70 0 267 0 0 2025922865 3570 0 -196 2193 -22 3095 3095 0 1069 0 3570 -31661 21 0 240 255

R_HAA 23 29 60 0 0 50 0 0 -5000 0 255 0 -2000 -16000 32767 -32767 0 -1 -1 -1 -1 -1 -1 -1 -1 -1 251 251 -38 0 131 0 0 2025046792 -6275 3 -70 2575 -289 -7565 -7565 0 1375 0 -6275 -31857 17 0 240 255

R_HFR 24 31 10 0 0 20 0 0 3000 0 255 0 -8000 -23500 32767 -32767 0 -1 -1 -1 -1 -1 -1 -1 -1 -1 255 251 2 0 683 0 0 2024734766 -15596 0 -692 1790 -212 -11552 -11552 0 2197 0 -15596 -31453 21 0 240 255

R_KFE 25 32 40 0 0 20 0 0 10000 0 255 0 21222 -15000 32767 -32767 2000 -1 -1 -1 -1 -1 -1 -1 -1 -1 251 251 202 0 -608 0 0 2025778853 -15272 0 425 1651 182 -13890 -13890 0 -3820 0 -15272 -31033 21 0 240 255

R_AR 26 33 40 0 0 50 0 0 3000 0 255 0 8974 -330 32767 -32767 0 -1 -1 -1 -1 -1 -1 -1 -1 -1 249 251 -2 0 -1037 0 0 2024362735 7456 0 1030 2400 32 8952 8952 0 -128 0 7456 -31241 21 0 240 255

R_AFE 27 35 60 0 0 200 0 0 15000 0 255 0 6000 -17500 32767 -32767 0 -1 -1 -1 -1 -1 -1 -1 -1 -1 249 251 307 0 1731 0 0 2025046792 -931 0 -1729 2926 1596 119 119 0 2436 0 -931 -31025 21 0 240 255

R_AAA 28 34 100 0 0 300 0 0 5490 0 255 0 -2500 -10000 32767 -32767 -11159 -1 -1 -1 -1 -1 -1 -1 -1 -1 251 251 -1836 0 2816 0 0 2025418823 -843 0 -2809 3903 2644 -2500 -660 0 -135 0 -843 -31857 21 0 240 255

B_TR 29 38 40 0 0 60 0 0 0 0 255 0 8000 -7000 32767 -32767 0 -1 -1 -1 -1 -1 -1 -1 -1 -1 255 251 -2351 0 1972 0 0 2024170719 38 -1 -1983 1508 -583 797 797 0 894 0 38 -30349 21 0 244 255

B_TAA 30 37 60 0 0 50 0 0 0 0 255 0 3000 -1000 32767 -32767 0 -1 -1 -1 -1 -1 -1 -1 -1 -1 249 251 -163 0 693 0 0 2024566752 1361 0 -831 128 179 1433 1433 0 -199 0 1361 -31558 21 0 240 255

B_TFE 31 36 40 0 0 25 0 0 0 0 255 0 -8000 -18000 32767 -32767 0 -1 -1 -1 -1 -1 -1 -1 -1 -1 249 251 -872 0 2755 0 0 2024254726 -7078 0 -2748 1524 124 -8000 -7131 0 108 0 -7078 -28379 17 0 244 255

B_HN 32 7 10 0 0 5 0 0 0 0 255 0 28500 -1500 32767 -32767 0 -1 -1 -1 -1 -1 -1 -1 -1 -1 251 251 -41 0 5703 0 0 2028191054 29221 0 -6129 689 -687 8586 8586 0 -7 0 29221 -31720 21 0 244 255

B_HT 33 6 10 0 0 5 0 0 0 0 255 0 8500 -25000 32767 -32767 0 -1 -1 -1 -1 -1 -1 -1 -1 -1 251 251 -20755 0 4363 0 0 2027170969 29242 0 -4614 1944 -721 8500 29259 0 0 0 29242 -31693 21 0 244 255

B_HR 34 5 15 0 0 10 0 0 0 0 255 0 18000 -6000 32767 -32767 0 -1 -1 -1 -1 -1 -1 -1 -1 -1 253 251 7735 0 -6143 0 0 2025526832 -3982 0 6319 1841 366 -6000 -13739 0 -5 0 -3982 -31909 21 0 244 255

R_EP 35 1 800 0 0 0 0 0 0 0 255 0 11000 -12000 10000 -10000 0 -1 -1 -1 -1 -1 -1 -1 -1 -1 240 251 -18 0 32729 0 0 2029620732 811 0 -32729 2381 -35 800 800 0 0 0 811 31 21 0 244 255

R_ET 36 2 800 0 0 0 0 0 0 0 255 0 11000 -12500 10000 -10000 0 -1 -1 -1 -1 -1 -1 -1 -1 -1 244 251 52 0 32726 0 0 2029607172 -1200 0 -32728 1648 -225 -1128 -1128 0 0 0 -1200 444 21 0 244 255

L_EP 37 3 800 0 0 0 0 0 0 0 255 0 17000 -6000 10000 -10000 0 -1 -1 -1 -1 -1 -1 -1 -1 -1 240 251 1 0 32728 0 0 2030543251 249 1 -32726 3171 -272 162 162 0 0 0 249 467 21 0 244 255

L_ET 38 4 800 0 0 0 0 0 0 0 255 0 4000 -19000 10000 -10000 0 -1 -1 -1 -1 -1 -1 -1 -1 -1 244 251 3 0 -32767 0 0 2027026957 -376 0 32767 1744 -75 -352 -352 0 0 0 -376 -97 21 0 244 255

