L_SFE 1 16 50 0 0 0 0 0 0 0 255 0 18000 -28000 32767 -32767 -8425 -1 -1 -1 -1 -1 -1 -1 -1 -1 251 251 6987 0 68 0 0 224142846 7885 0 23 2279 795 11957 11957 0 0 0 7885 -31710 21 0 244 255

L_SAA 2 15 60 0 1 0 0 0 0 0 255 0 25000 -8000 32767 -32767 4400 -1 -1 -1 -1 -1 -1 -1 -1 -1 251 251 10821 0 -30 0 0 222510710 -12826 -2 35 3607 2529 -2035 -2035 0 0 0 -12826 -31879 21 0 244 255

L_HR 3 17 30 0 0 0 0 0 0 0 255 0 20000 -9000 32767 -32767 1650 -1 -1 -1 -1 -1 -1 -1 -1 -1 251 251 -1258 0 24 0 0 220854573 1693 0 -54 2286 -215 -140 -140 0 0 0 1693 -31942 21 0 244 255

L_EB 4 18 50 0 0 0 0 0 0 0 255 0 12000 -22000 32767 -32767 2875 -1 -1 -1 -1 -1 -1 -1 -1 -1 249 251 1801 0 -50 0 0 220350530 -11328 3 55 2208 20 -11222 -11222 0 0 0 -11328 -31549 21 0 244 255

L_WR 5 19 10 0 0 0 0 0 0 0 255 0 5000 -21000 32767 -32767 -2000 -1 -1 -1 -1 -1 -1 -1 -1 -1 251 251 -7059 0 -37 0 0 223050755 3810 0 25 1170 -112 966 966 0 0 0 3810 -31393 21 0 244 255

L_WFE 6 20 20 0 0 0 0 0 0 0 255 0 25000 3000 32767 -32767 11750 -1 -1 -1 -1 -1 -1 -1 -1 -1 255 251 3083 0 -2068 0 0 222654722 10080 0 -564 1768 -73 11022 11022 0 0 0 10080 -31910 21 0 244 255

L_WAA 7 21 10 0 0 0 0 0 0 0 255 0 1500 -18000 32767 -32767 -10000 -1 -1 -1 -1 -1 -1 -1 -1 -1 255 251 -9132 0 -1576 0 0 221418619 11109 0 1623 2091 376 1500 5888 0 0 0 11109 -31691 21 0 244 255

R_SFE 8 9 50 0 0 0 0 0 0 0 255 0 16000 -20000 32767 -32767 13000 -1 -1 -1 -1 -1 -1 -1 -1 -1 253 251 7 0 613 0 0 223974832 -5801 0 -625 1211 -151 -5024 -5024 0 0 0 -5801 -31895 21 0 244 255

R_SAA 9 8 60 0 0 30 0 0 0 0 255 0 10000 -20000 32767 -32767 16000 -1 -1 -1 -1 -1 -1 -1 -1 -1 253 251 -11126 0 238 0 0 223866823 20841 0 -285 3151 2576 9711 9711 0 0 0 20841 -31791 21 0 244 255

R_HR 10 10 30 0 0 0 0 0 0 0 255 0 4500 -22000 32767 -32767 -1950 -1 -1 -1 -1 -1 -1 -1 -1 -1 255 251 2412 0 -16 0 0 220758564 -10187 -2 37 1839 -112 -9224 -9224 0 0 0 -10187 -31917 21 0 244 255

R_EB 11 11 50 0 0 0 0 0 0 0 255 0 20000 -17000 32767 -32767 1550 -1 -1 -1 -1 -1 -1 -1 -1 -1 251 251 801 0 58 0 0 221262606 8308 0 -52 1180 94 8792 8792 0 0 0 8308 -31877 85 85 245 255

R_WR 12 12 20 0 0 0 0 0 0 0 255 0 20000 500 32767 -32767 8500 -1 -1 -1 -1 -1 -1 -1 -1 -1 251 251 -12889 0 175 0 0 223026753 12054 -3 -204 1134 -679 3368 3368 0 0 0 12054 -31872 21 0 244 255

R_WFE 13 13 20 0 0 0 0 0 0 0 255 0 30000 6000 32767 -32767 0 -1 -1 -1 -1 -1 -1 -1 -1 -1 251 251 3046 0 -6200 0 0 221910660 12595 0 7154 2337 95 13823 13823 0 0 0 12595 -31628 21 0 244 255

R_WAA 14 14 15 0 0 0 0 0 0 0 255 0 16000 -5000 32767 -32767 0 -1 -1 -1 -1 -1 -1 -1 -1 -1 251 251 4359 0 1270 0 0 221118594 2308 0 -1086 2663 100 4024 4024 0 0 0 2308 -31902 21 0 244 255

L_HFE 15 23 0 0 0 90 0 0 -57 0 255 0 18000 -20000 32767 -32767 25650 -1 -1 -1 -1 -1 -1 -1 -1 -1 255 251 6712 0 -172 0 0 220470540 -22452 0 163 1374 85 -18972 -18972 -78 -78 0 -22452 -31395 85 85 245 255

L_HAA 16 22 0 0 0 200 0 0 197 0 255 0 8500 -4000 32767 -32767 70 -1 -1 -1 -1 -1 -1 -1 -1 -1 251 251 2187 0 383 0 0 219666473 -330 0 -31 3027 260 -3047 -3047 303 303 0 -330 -31202 21 0 244 255

L_HFR 17 24 80 0 2 10 0 0 52 0 255 0 18000 1500 32767 -32767 -3850 -1 -1 -1 -1 -1 -1 -1 -1 -1 249 251 1549 0 -17 0 0 222186683 2512 1 -17 2661 -154 2020 2020 0 0 0 2512 -31594 21 0 244 255

L_KFE 18 25 0 0 0 100 0 0 328 0 255 0 12000 -25000 32767 -32767 5850 -1 -1 -1 -1 16777215 -256 -1 -1 -1 253 251 -934 0 926 -737393 0 219546463 4443 0 -9 2695 -324 5164 5164 821 821 0 4443 -31635 21 0 244 255

L_AR 19 26 80 0 2 20 0 0 261 0 255 0 6000 -1000 32767 -32767 8550 -1 -1 -1 -1 -1 -1 -1 -1 -1 253 251 -1757 0 -237 0 0 221466623 7753 3 225 1127 566 6000 9096 0 0 0 7753 -31664 5 0 240 255

L_AFE 20 28 0 0 0 200 0 0 -316 0 255 0 13000 -6500 32767 -32767 150 -1 -1 -1 -1 -1 -1 -1 -1 -1 255 251 -825 0 -349 0 0 220698559 -2164 0 -4 2243 293 -3127 -3127 -379 -379 0 -2164 -31583 21 0 240 255

L_AAA 21 27 0 0 0 250 0 0 -208 0 255 0 9000 500 32767 -32767 -850 -1 -1 -1 -1 -1 -1 -1 -1 -1 253 251 -923 0 -155 -116926 0 222906743 209 -2 7 2735 196 6004 6004 -193 -193 0 209 -31904 21 0 244 255

R_HFE 22 30 0 0 0 120 0 0 54 0 255 0 13500 -30000 32767 -32767 200 -1 -1 -1 -1 -1 -1 -1 -1 -1 249 251 961 0 -216 0 0 222486708 4231 1 -85 2283 95 548 548 118 118 0 4231 -31706 21 0 240 255

R_HAA 23 29 0 0 0 150 0 0 495 0 255 0 -2000 -16000 32767 -32767 -105 -1 -1 -1 -1 -1 -1 -1 -1 -1 251 251 -1777 0 -145 0 0 221526628 -7004 3 -57 2800 -64 -5432 -5432 -165 -165 0 -7004 -31920 17 0 240 255

R_HFR 24 31 100 0 2 20 0 0 364 0 255 0 -8000 -23500 32767 -32767 -950 -1 -1 -1 -1 -1 -1 -1 -1 -1 255 251 -990 0 -43 0 0 220758564 -15726 0 39 1950 -2 -15711 -15711 0 0 0 -15726 -31590 21 0 240 255

R_KFE 25 32 0 0 0 100 0 0 -214 0 255 0 21222 -15000 32767 -32767 2700 -1 -1 -1 -1 -1 -1 -1 -1 -1 251 251 2234 0 -592 0 0 221886658 -5993 0 99 1365 -222 -4806 -4806 -467 -467 0 -5993 -31403 21 0 240 255

R_AR 26 33 80 0 2 50 0 0 -149 0 255 0 8974 -330 32767 -32767 -1400 -1 -1 -1 -1 -1 -1 -1 -1 -1 249 251 -3832 0 83 0 0 220290525 5816 0 -83 2144 -376 4561 4561 0 0 0 5816 -31350 21 0 240 255

R_AFE 27 35 0 0 0 200 0 0 -285 0 255 0 6000 -17500 32767 -32767 2500 -1 -1 -1 -1 -1 -1 -1 -1 -1 249 251 -1054 0 -305 0 0 220662556 4778 0 11 1768 -258 6000 7600 -319 -319 0 4778 -31153 21 0 240 255

R_AAA 28 34 0 0 0 300 0 0 404 0 255 0 -2500 -10000 32767 -32767 -18500 -1 -1 -1 -1 -1 -1 -1 -1 -1 251 251 551 0 -14 0 0 221190600 -1367 0 -44 2237 -22 -2500 -1336 -62 -62 0 -1367 -31874 21 0 240 255

B_TR 29 38 120 0 10 0 0 0 0 0 255 0 8000 -7000 32767 -32767 2000 -1 -1 -1 -1 -1 -1 -1 -1 -1 255 251 1498 0 3617 0 0 219846488 1112 0 -3600 1641 -439 2049 2049 0 0 0 1112 -31310 21 0 244 255

B_TAA 30 37 120 0 10 0 0 0 0 0 255 0 3000 -1000 32767 -32767 0 -1 -1 -1 -1 -1 -1 -1 -1 -1 249 251 360 0 747 0 0 220482541 898 0 -839 31 -24 847 847 0 0 0 898 -31648 21 0 240 255

B_TFE 31 36 120 0 10 0 0 0 0 0 255 0 -8000 -18000 32767 -32767 0 -1 -1 -1 -1 -1 -1 -1 -1 -1 249 251 -6914 0 2633 0 0 219882491 -3768 -2 -2647 -692 -3559 -11359 -11359 0 0 0 -3768 -31103 17 0 244 255

B_HN 32 7 10 0 0 0 0 0 0 0 255 0 28500 -1500 32767 -32767 0 -1 -1 -1 -1 -1 -1 -1 -1 -1 251 251 9300 0 5699 0 0 227155097 3976 0 -5659 1305 256 10531 10531 0 0 0 3976 -31705 21 0 244 255

B_HT 33 6 10 0 0 0 0 0 0 0 255 0 8500 -25000 32767 -32767 0 -1 -1 -1 -1 -1 -1 -1 -1 -1 251 251 -21258 0 4042 0 0 225042921 23745 -1 -4071 2091 -854 1900 1900 0 0 0 23745 -31692 21 0 244 255

B_HR 34 5 30 0 1 0 0 0 0 0 255 0 18000 -6000 32767 -32767 0 -1 -1 -1 -1 -1 -1 -1 -1 -1 253 251 8708 0 -6371 0 0 223146763 805 0 6295 1446 -319 3533 3533 0 0 0 805 -31893 21 0 244 255

R_EP 35 1 800 0 0 0 0 0 0 0 255 0 11000 -12000 10000 -10000 0 -1 -1 -1 -1 -1 -1 -1 -1 -1 240 251 -29 0 32730 0 0 226784625 809 -1 -32730 2365 -63 789 789 0 0 0 809 44 21 0 244 255

R_ET 36 2 800 0 0 0 0 0 0 0 255 0 11000 -12500 10000 -10000 0 -1 -1 -1 -1 -1 -1 -1 -1 -1 244 251 284 0 -32767 0 0 227299109 -974 4 32767 1720 -581 -788 -788 0 0 0 -974 812 21 0 244 255

L_EP 37 3 800 0 0 0 0 0 0 0 255 0 17000 -6000 10000 -10000 0 -1 -1 -1 -1 -1 -1 -1 -1 -1 240 251 159 0 32726 0 0 228979249 350 0 -32727 3045 175 406 406 0 0 0 350 -282 21 0 244 255

L_ET 38 4 800 0 0 0 0 0 0 0 255 0 4000 -19000 10000 -10000 0 -1 -1 -1 -1 -1 -1 -1 -1 -1 244 251 191 0 -32767 0 0 225090925 -772 0 32767 1712 -646 -565 -565 0 0 0 -772 461 21 0 244 255

