L_SFE 1 16 20 0 0 0 0 0 0 0 255 0 18000 -28000 32767 -32767 -8425 -1 -1 -1 -1 -1 -1 -1 -1 -1 251 251 1 0 0 0 0 521113942 5871 0 -32 1805 -28 5517 5517 0 0 0 5871 -31717 21 0 244 255

L_SAA 2 15 60 0 1 0 0 0 0 0 255 0 25000 -8000 32767 -32767 4400 -1 -1 -1 -1 -1 -1 -1 -1 -1 251 251 4824 0 -27 0 0 519289790 -12832 0 -11 3114 1694 -5602 -5602 0 0 0 -12832 -31865 21 0 244 255

L_HR 3 17 30 0 0 0 0 0 0 0 255 0 20000 -9000 32767 -32767 1650 -1 -1 -1 -1 -1 -1 -1 -1 -1 251 251 -2 0 46 0 0 517333627 152 0 -39 2356 -75 -481 -481 0 0 0 152 -31935 21 0 244 255

L_EB 4 18 20 0 0 0 0 0 0 0 255 0 12000 -22000 32767 -32767 2875 -1 -1 -1 -1 -1 -1 -1 -1 -1 249 251 1 0 -48 0 0 517333627 -13016 0 40 2617 620 -5075 -5075 0 0 0 -13016 -31565 21 0 244 255

L_WR 5 19 10 0 0 0 0 0 0 0 255 0 5000 -21000 32767 -32767 -2000 -1 -1 -1 -1 -1 -1 -1 -1 -1 251 251 0 0 -32 0 0 520897924 3175 1 21 1213 -85 1018 1018 0 0 0 3175 -31451 21 0 244 255

L_WFE 6 20 15 0 0 0 0 0 0 0 255 0 25000 3000 32767 -32767 11750 -1 -1 -1 -1 -1 -1 -1 -1 -1 255 251 1 0 -4198 0 0 520501891 9391 0 2319 1867 11 9220 9220 0 0 0 9391 -31914 21 0 244 255

L_WAA 7 21 10 0 0 0 0 0 0 0 255 0 1500 -18000 32767 -32767 -10000 -1 -1 -1 -1 -1 -1 -1 -1 -1 255 251 -10789 0 -727 0 0 518449720 11698 -1 865 2135 399 1500 14232 0 0 0 11698 -31684 21 0 244 255

R_SFE 8 9 20 0 0 0 0 0 0 0 255 0 16000 -20000 32767 -32767 13000 -1 -1 -1 -1 -1 -1 -1 -1 -1 253 251 1 0 216 0 0 518881756 -5180 -2 200 1188 -68 -4299 -4299 0 0 0 -5180 -31887 21 0 244 255

R_SAA 9 8 30 0 0 0 0 0 0 0 255 0 10000 -20000 32767 -32767 16000 -1 -1 -1 -1 -1 -1 -1 -1 -1 253 251 -10798 0 144 0 0 519361796 20802 0 -77 2346 1266 10000 13414 0 0 0 20802 -31769 21 0 244 255

R_HR 10 10 30 0 0 0 0 0 0 0 255 0 4500 -22000 32767 -32767 -1950 -1 -1 -1 -1 -1 -1 -1 -1 -1 255 251 -1 0 -18 0 0 516361546 -14341 -1 20 1609 -397 -10952 -10952 0 0 0 -14341 -31893 21 0 244 255

R_EB 11 11 20 0 0 0 0 0 0 0 255 0 20000 -17000 32767 -32767 1550 -1 -1 -1 -1 -1 -1 -1 -1 -1 251 251 0 0 45 0 0 517357629 10001 0 -59 727 -575 2650 2650 0 0 0 10001 -31836 85 85 245 255

R_WR 12 12 20 0 0 0 0 0 0 0 255 0 20000 500 32767 -32767 8500 -1 -1 -1 -1 -1 -1 -1 -1 -1 251 251 1 0 171 0 0 519133777 8035 0 -201 1551 37 8520 8520 0 0 0 8035 -31854 21 0 244 255

R_WFE 13 13 10 0 0 0 0 0 0 0 255 0 30000 6000 32767 -32767 0 -1 -1 -1 -1 -1 -1 -1 -1 -1 251 251 -2 0 -6379 0 0 517993682 13597 0 6389 2292 61 15183 15183 0 0 0 13597 -31561 21 0 244 255

R_WAA 14 14 15 0 0 0 0 0 0 0 255 0 16000 -5000 32767 -32767 0 -1 -1 -1 -1 -1 -1 -1 -1 -1 251 251 -1 0 1426 0 0 517525643 -2506 2 -1897 2988 685 9186 9186 0 0 0 -2506 -31858 21 0 244 255

L_HFE 15 23 120 0 10 10 0 0 -26 0 255 0 18000 -20000 32767 -32767 25630 -1 -1 -1 -1 -1 -1 -1 -1 -1 255 251 38 0 -126 0 0 517129610 -19056 2 86 1380 111 -19284 -19284 0 0 0 -19056 -31141 85 85 245 255

L_HAA 16 22 0 0 0 160 0 0 192 0 255 0 8500 -4000 32767 -32767 10 -1 -1 -1 -1 -1 -1 -1 -1 -1 251 251 838 0 -8 0 0 516109525 -2879 0 36 2852 -23 -2114 -2114 0 0 0 -2879 -30653 21 0 244 255

L_HFR 17 24 50 0 5 20 0 0 54 0 255 0 18000 1500 32767 -32767 -3890 -1 -1 -1 -1 -1 -1 -1 -1 -1 249 251 -199 0 32 0 0 518965763 2126 0 -28 2652 -121 1500 -307 0 0 0 2126 -31435 21 0 244 255

L_KFE 18 25 120 0 10 20 0 0 303 0 255 0 12000 -25000 32767 -32767 5785 -1 -1 -1 -1 16777215 -256 -1 -1 -1 253 251 -2294 0 27 0 0 515581481 12084 0 56 3579 1143 9656 9656 -2 -2 0 12084 -31345 21 0 244 255

L_AR 19 26 120 0 12 20 0 0 262 0 255 0 6000 -1000 32767 -32767 8900 -1 -1 -1 -1 -1 -1 -1 -1 -1 253 251 -4 0 145 0 0 517729660 8515 0 17 1489 1181 6000 7052 0 0 0 8515 -31530 5 0 240 255

L_AFE 20 28 120 0 15 20 0 0 -308 0 255 0 13000 -6500 32767 -32767 150 -1 -1 -1 -1 -1 -1 -1 -1 -1 255 251 4 0 -23 0 0 516841586 6137 1 -47 3347 2105 1639 1639 0 0 0 6137 -31407 21 0 240 255

L_AAA 21 27 80 0 10 0 0 0 -211 0 255 0 9000 500 32767 -32767 -850 -1 -1 -1 -1 -1 -1 -1 -1 -1 253 251 0 0 65 0 0 519349795 1780 -1 -26 2673 150 1303 1303 0 0 0 1780 -31855 21 0 244 255

R_HFE 22 30 120 0 10 20 0 0 47 0 255 0 13500 -30000 32767 -32767 200 -1 -1 -1 -1 -1 -1 -1 -1 -1 249 251 -35 0 21 0 0 519325793 3650 0 52 2143 -135 3372 3372 0 0 0 3650 -31680 21 0 240 255

R_HAA 23 29 100 0 10 50 0 0 466 0 255 0 -2000 -16000 32767 -32767 -140 -1 -1 -1 -1 -1 -1 -1 -1 -1 251 251 -9231 0 -7 0 0 518245703 -6443 0 1 587 -3605 -15671 -15671 0 0 0 -6443 -31886 17 0 240 255

R_HFR 24 31 50 0 5 20 0 0 365 0 255 0 -8000 -23500 32767 -32767 -950 -1 -1 -1 -1 -1 -1 -1 -1 -1 255 251 538 0 -41 0 0 517465638 -14282 0 30 2097 255 -15571 -15571 0 0 0 -14282 -31503 21 0 240 255

R_KFE 25 32 120 0 10 90 0 0 -169 0 255 0 21222 -15000 32767 -32767 2600 -1 -1 -1 -1 -1 -1 -1 -1 -1 251 251 677 0 -99 0 0 518917759 -15479 1 -55 2015 823 -13764 -13764 0 0 0 -15479 -31181 21 0 240 255

R_AR 26 33 120 0 12 50 0 0 -150 0 255 0 8974 -330 32767 -32767 -1400 -1 -1 -1 -1 -1 -1 -1 -1 -1 249 251 -131 0 -63 0 0 517141611 6465 0 136 2506 214 6980 6980 0 0 0 6465 -31230 21 0 240 255

R_AFE 27 35 120 0 15 20 0 0 -264 0 255 0 6000 -17500 32767 -32767 2500 -1 -1 -1 -1 -1 -1 -1 -1 -1 249 251 -3 0 14 0 0 517609650 -1588 1 -16 2579 1000 543 543 0 0 0 -1588 -30992 21 0 240 255

R_AAA 28 34 150 0 15 0 0 0 242 0 255 0 -2500 -10000 32767 -32767 -15000 -1 -1 -1 -1 -1 -1 -1 -1 -1 251 251 184 0 2102 0 0 518293707 1429 6 -2072 377 -3009 -3705 -3705 0 0 0 1429 -31842 21 0 240 255

B_TR 29 38 40 0 0 0 0 0 0 0 255 0 8000 -7000 32767 -32767 2000 -1 -1 -1 -1 -1 -1 -1 -1 -1 255 251 8 0 3475 0 0 516349545 -3636 1 -3501 1798 -159 -2617 -2617 0 0 0 -3636 -30885 21 0 244 255

B_TAA 30 37 60 0 0 0 0 0 0 0 255 0 3000 -1000 32767 -32767 0 -1 -1 -1 -1 -1 -1 -1 -1 -1 249 251 -4 0 889 0 0 517141611 1292 0 -812 34 3 1307 1307 0 0 0 1292 -31534 21 0 240 255

B_TFE 31 36 40 0 0 0 0 0 0 0 255 0 -8000 -18000 32767 -32767 0 -1 -1 -1 -1 -1 -1 -1 -1 -1 249 251 1008 0 2480 0 0 516397549 -9001 0 -2511 1563 156 -8000 -4495 0 0 0 -9001 -28040 17 0 244 255

B_HN 32 7 10 0 0 0 0 0 0 0 255 0 28500 -1500 32767 -32767 0 -1 -1 -1 -1 -1 -1 -1 -1 -1 251 251 -1 0 5547 0 0 521641986 4058 -2 -5562 1253 252 10531 10531 0 0 0 4058 -31698 21 0 244 255

B_HT 33 6 10 0 0 0 0 0 0 0 255 0 8500 -25000 32767 -32767 0 -1 -1 -1 -1 -1 -1 -1 -1 -1 251 251 -9675 0 4098 0 0 520009850 19591 -1 -4129 2158 -692 1900 1900 0 0 0 19591 -31678 21 0 244 255

B_HR 34 5 30 0 1 0 0 0 0 0 255 0 18000 -6000 32767 -32767 0 -1 -1 -1 -1 -1 -1 -1 -1 -1 253 251 2 0 -6329 0 0 518305708 -441 0 6154 1300 -465 3533 3533 0 0 0 -441 -31899 21 0 244 255

R_EP 35 1 800 0 0 0 0 0 0 0 255 0 11000 -12000 10000 -10000 0 -1 -1 -1 -1 -1 -1 -1 -1 -1 240 251 -79 0 32731 0 0 523563705 851 0 -32729 2378 -194 789 789 0 0 0 851 165 21 0 244 255

R_ET 36 2 800 0 0 0 0 0 0 0 255 0 11000 -12500 10000 -10000 0 -1 -1 -1 -1 -1 -1 -1 -1 -1 244 251 237 0 -32767 0 0 523910175 -930 0 32767 1691 -443 -788 -788 0 0 0 -930 409 21 0 244 255

L_EP 37 3 800 0 0 0 0 0 0 0 255 0 17000 -6000 10000 -10000 0 -1 -1 -1 -1 -1 -1 -1 -1 -1 240 251 -17 0 32728 0 0 525374298 298 3 -32728 3012 337 406 406 0 0 0 298 -421 21 0 244 255

L_ET 38 4 800 0 0 0 0 0 0 0 255 0 4000 -19000 10000 -10000 0 -1 -1 -1 -1 -1 -1 -1 -1 -1 244 251 76 0 -32767 0 0 520921926 -617 -2 32767 1743 -162 -565 -565 0 0 0 -617 258 21 0 244 255

